c106

VEHICLE
NUMBER                                               CAPACITY
4                                                     1236

0      40      50      0      0      0      0      0      0      1236
1      45      68      90      10      1      1      1      890      989
2      45      70      90      30      1      1      1      816      879
3      42      66      90      10      1      1      1      55      156
4      42      68      90      10      1      1      1      703      806
5      42      65      90      10      1      1      1      15      60
6      40      69      90      20      1      1      1      559      764
7      40      66      90      20      1      1      1      172      223
8      38      68      90      20      1      1      1      250      329
9      38      70      90      10      1      1      1      489      650
10      35      66      90      10      1      1      1      361      406
11      35      69      90      10      1      1      1      450      503
12      25      85      90      20      1      1      1      647      726
13      22      75      90      30      1      1      1      30      95
14      22      85      90      10      1      1      1      571      616
15      20      80      90      40      1      1      1      392      421
16      20      85      90      40      1      1      1      478      525
17      18      75      90      20      1      1      1      105      142
18      15      75      90      20      1      1      1      172      261
19      15      80      90      10      1      1      1      274      349
20      30      50      90      10      1      1      1      10      77
21      30      52      90      20      1      1      1      918      961
22      28      52      90      20      1      1      1      806      889
23      28      55      90      10      1      1      1      739      770
24      25      50      90      10      1      1      1      55      154
25      25      52      90      40      1      1      1      172      221
26      25      55      90      10      1      1      1      612      711
27      23      52      90      10      1      1      1      264      313
28      23      55      90      20      1      1      1      553      586
29      20      50      90      10      1      1      1      365      398
30      20      55      90      10      1      1      1      452      501
31      10      35      90      20      1      1      1      204      233
32      10      40      90      30      1      1      1      31      189
33      8      40      90      40      1      1      1      42      203
34      8      45      90      20      1      1      1      715      852
35      5      35      90      10      1      1      1      251      376
36      5      45      90      10      1      1      1      648      733
37      2      40      90      20      1      1      1      365      452
38      0      40      90      30      1      1      1      474      527
39      0      45      90      20      1      1      1      541      650
40      35      30      90      10      1      1      1      240      345
41      35      32      90      10      1      1      1      123      278
42      33      32      90      20      1      1      1      19      225
43      33      35      90      10      1      1      1      16      153
44      32      30      90      10      1      1      1      338      433
45      30      30      90      10      1      1      1      513      628
46      30      32      90      30      1      1      1      415      542
47      30      35      90      10      1      1      1      872      1127
48      28      30      90      10      1      1      1      599      726
49      28      35      90      10      1      1      1      917      1126
50      26      32      90      10      1      1      1      779      916
51      25      30      90      10      1      1      1      695      816
52      25      35      90      10      1      1      1      857      1024
53      44      5      90      20      1      1      1      221      412
54      42      10      90      40      1      1      1      96      347
55      42      15      90      10      1      1      1      35      233
56      40      5      90      30      1      1      1      347      474
57      40      15      90      40      1      1      1      35      172
58      38      5      90      30      1      1      1      403      602
59      38      15      90      10      1      1      1      521      870
60      35      5      90      20      1      1      1      487      704
61      50      30      90      10      1      1      1      422      719
62      50      35      90      20      1      1      1      217      362
63      50      40      90      50      1      1      1      142      247
64      48      30      90      10      1      1      1      567      758
65      48      40      90      10      1      1      1      34      171
66      47      35      90      10      1      1      1      794      907
67      47      40      90      10      1      1      1      12      226
68      45      30      90      10      1      1      1      716      795
69      45      35      90      10      1      1      1      873      1012
70      95      30      90      30      1      1      1      266      577
71      95      35      90      20      1      1      1      181      472
72      53      30      90      10      1      1      1      402      553
73      92      30      90      10      1      1      1      345      684
74      53      35      90      50      1      1      1      294      471
75      45      65      90      20      1      1      1      951      1114
76      90      35      90      10      1      1      1      153      310
77      88      30      90      10      1      1      1      450      767
78      88      35      90      20      1      1      1      50      237
79      87      30      90      10      1      1      1      567      832
80      85      25      90      10      1      1      1      713      876
81      85      35      90      30      1      1      1      47      331
82      75      55      90      20      1      1      1      311      478
83      72      55      90      10      1      1      1      127      476
84      70      58      90      20      1      1      1      349      632
85      68      60      90      30      1      1      1      476      691
86      66      55      90      10      1      1      1      67      344
87      65      55      90      20      1      1      1      25      256
88      65      60      90      30      1      1      1      546      807
89      63      58      90      10      1      1      1      630      909
90      60      55      90      10      1      1      1      20      293
91      60      60      90      10      1      1      1      769      956
92      67      85      90      20      1      1      1      229      580
93      65      85      90      40      1      1      1      442      551
94      65      82      90      10      1      1      1      227      394
95      62      80      90      30      1      1      1      163      272
96      60      80      90      10      1      1      1      36      291
97      60      85      90      30      1      1      1      469      714
98      58      75      90      20      1      1      1      30      227
99      55      80      90      10      1      1      1      595      968
100      55      85      90      20      1      1      1      493      880

