r101

VEHICLE
NUMBER                                               CAPACITY
4                                                     230


0      35      35      0      0      0      0      0      0      230
1      41      49      10      10      1      1      1      161      171
2      35      17      10      7      1      1      1      50      60
3      55      45      10      13      1      1      1      116      126
4      55      20      10      19      1      1      1      149      159
5      15      30      10      26      1      1      1      34      44
6      25      30      10      3      1      1      1      99      109
7      20      50      10      5      1      1      1      81      91
8      10      43      10      9      1      1      1      95      105
9      55      60      10      16      1      1      1      97      107
10      30      60      10      16      1      1      1      124      134
11      20      65      10      12      1      1      1      67      77
12      50      35      10      19      1      1      1      63      73
13      30      25      10      23      1      1      1      159      169
14      15      10      10      20      1      1      1      32      42
15      30      5      10      8      1      1      1      61      71
16      10      20      10      19      1      1      1      75      85
17      5      30      10      2      1      1      1      157      167
18      20      40      10      12      1      1      1      87      97
19      15      60      10      17      1      1      1      76      86
20      45      65      10      9      1      1      1      126      136
21      45      20      10      11      1      1      1      62      72
22      45      10      10      18      1      1      1      97      107
23      55      5      10      29      1      1      1      68      78
24      65      35      10      3      1      1      1      153      163
25      65      20      10      6      1      1      1      172      182
26      45      30      10      17      1      1      1      132      142
27      35      40      10      16      1      1      1      37      47
28      41      37      10      16      1      1      1      39      49
29      64      42      10      9      1      1      1      63      73
30      40      60      10      21      1      1      1      71      81
31      31      52      10      27      1      1      1      50      60
32      35      69      10      23      1      1      1      141      151
33      53      52      10      11      1      1      1      37      47
34      65      55      10      14      1      1      1      117      127
35      63      65      10      8      1      1      1      143      153
36      2      60      10      5      1      1      1      41      51
37      20      20      10      8      1      1      1      134      144
38      5      5      10      16      1      1      1      83      93
39      60      12      10      31      1      1      1      44      54
40      40      25      10      9      1      1      1      85      95
41      42      7      10      5      1      1      1      97      107
42      24      12      10      5      1      1      1      31      41
43      23      3      10      7      1      1      1      132      142
44      11      14      10      18      1      1      1      69      79
45      6      38      10      16      1      1      1      32      42
46      2      48      10      1      1      1      1      117      127
47      8      56      10      27      1      1      1      51      61
48      13      52      10      36      1      1      1      165      175
49      6      68      10      30      1      1      1      108      118
50      47      47      10      13      1      1      1      124      134
51      49      58      10      10      1      1      1      88      98
52      27      43      10      9      1      1      1      52      62
53      37      31      10      14      1      1      1      95      105
54      57      29      10      18      1      1      1      140      150
55      63      23      10      2      1      1      1      136      146
56      53      12      10      6      1      1      1      130      140
57      32      12      10      7      1      1      1      101      111
58      36      26      10      18      1      1      1      200      210
59      21      24      10      28      1      1      1      18      28
60      17      34      10      3      1      1      1      162      172
61      12      24      10      13      1      1      1      76      86
62      24      58      10      19      1      1      1      58      68
63      27      69      10      10      1      1      1      34      44
64      15      77      10      9      1      1      1      73      83
65      62      77      10      20      1      1      1      51      61
66      49      73      10      25      1      1      1      127      137
67      67      5      10      25      1      1      1      83      93
68      56      39      10      36      1      1      1      142      152
69      37      47      10      6      1      1      1      50      60
70      37      56      10      5      1      1      1      182      192
71      57      68      10      15      1      1      1      77      87
72      47      16      10      25      1      1      1      35      45
73      44      17      10      9      1      1      1      78      88
74      46      13      10      8      1      1      1      149      159
75      49      11      10      18      1      1      1      69      79
76      49      42      10      13      1      1      1      73      83
77      53      43      10      14      1      1      1      179      189
78      61      52      10      3      1      1      1      96      106
79      57      48      10      23      1      1      1      92      102
80      56      37      10      6      1      1      1      182      192
81      55      54      10      26      1      1      1      94      104
82      15      47      10      16      1      1      1      55      65
83      14      37      10      11      1      1      1      44      54
84      11      31      10      7      1      1      1      101      111
85      16      22      10      41      1      1      1      91      101
86      4      18      10      35      1      1      1      94      104
87      28      18      10      26      1      1      1      93      103
88      26      52      10      9      1      1      1      74      84
89      26      35      10      15      1      1      1      176      186
90      31      67      10      3      1      1      1      95      105
91      15      19      10      1      1      1      1      160      170
92      22      22      10      2      1      1      1      18      28
93      18      24      10      22      1      1      1      188      198
94      26      27      10      27      1      1      1      100      110
95      25      24      10      20      1      1      1      39      49
96      22      27      10      11      1      1      1      135      145
97      25      21      10      12      1      1      1      133      143
98      19      21      10      10      1      1      1      58      68
99      20      26      10      9      1      1      1      83      93
100      18      18      10      17      1      1      1      185      195
